37   30
126   93
93   32
69   60
69   127
70   59
15   56
39   29
90   5
89   23
0   92
34   89
30   33
29   34
5   94
12   49
69   122
5   51
15   118
123   85
112   19
71   49
86   127
105   58
45   51
117   54
33   88
103   59
26   75
42   52
125   3
23   122
29   13
39   53
123   2
86   126
21   121
44   98
55   38
67   63
8   123
42   99
75   0
101   81
8   125
66   120
66   16
29   121
35   90
60   99
73   48
53   39
98   80
28   30
31   32
8   95
67   62
120   43
32   27
12   119
100   76
92   120
5   115
120   42
0   76
98   66
82   36
95   118
86   12
91   114
60   88
91   0
113   32
63   119
118   44
92   107
93   119
78   53
113   18
85   43
91   106
61   127
123   101
126   74
7   116
43   56
112   45
31   29
0   75
39   91
84   11
115   46
87   7
70   50
1   91
123   71
79   54
39   54
99   65
20   7
58   0
30   110
29   58
69   104
125   4
68   105
3   127
85   1
93   39
89   2
6   96
23   71
52   59
113   36
18   50
17   51
88   125
37   104
85   22
62   17
46   1
52   58
8   53
83   35
90   37
16   28
67   15
53   37
39   96
7   117
126   5
116   35
81   20
99   63
34   122
31   36
90   38
70   51
41   125
118   29
110   6
9   120
35   123
41   126
53   22
53   115
9   58
49   55
43   118
69   9
36   103
51   54
14   11
38   105
62   121
6   122
99   102
23   70
71   10
50   46
86   4
53   21
59   1
91   36
48   45
64   46
80   5
53   36
12   14
4   124
46   100
51   43
66   103
62   2
71   12
28   73
81   19
41   0
75   2
63   19
59   18
46   127
113   33
68   8
38   92
65   123
76   3
58   16
67   18
34   97
97   60
125   6
101   82
6   93
3   97
62   45
34   84
113   37
100   77
87   34
61   118
21   36
59   35
90   108
110   44
27   108
37   95
68   64
105   27
12   30
32   117
29   116
85   13
60   34
110   124
25   120
11   48
116   48
110   5
68   20
57   14
110   125
89   42
3   98
59   48
43   123
127   95
34   85
116   83
30   102
15   61
122   37
62   90
60   91
38   93
57   28
116   52
72   22
124   8
19   64
15   107
57   15
13   113
50   44
15   106
126   1
33   86
32   107
111   24
62   83
87   41
12   60
17   24
99   61
25   113
61   36
29   59
64   82
34   35
86   81
67   65
7   118
43   101
122   7
15   111
34   99
78   4
117   80
111   23
123   96
80   45
30   115
61   37
99   62
2   65
36   94
23   114
81   65
114   38
122   38
26   104
65   43
92   109
20   38
31   96
107   28
20   5
23   39
71   89
58   32
126   90
32   109
11   59
22   4
54   116
116   88
14   112
120   30
92   105
23   56
19   55
73   43
30   80
62   116
59   117
66   124
0   66
19   59
77   41
67   52
79   52
38   100
65   126
31   31
72   44
3   99
111   2
51   53
20   26
112   0
29   81
68   56
126   88
123   9
47   49
70   55
111   1
14   105
17   25
25   105
1   67
0   68
114   41
65   4
124   84
126   122
24   106
20   57
97   126
48   48
68   106
117   79
110   22
7   54
116   39
83   0
99   84
59   92
110   21
126   83
78   50
60   93
2   80
112   43
122   97
0   82
21   116
91   112
29   82
38   33
20   58
60   94
110   4
51   23
91   104
97   58
89   9
66   14
24   107
14   104
61   89
77   127
120   91
29   79
72   21
100   75
91   111
16   63
91   35
50   34
125   94
29   78
118   90
27   64
123   10
97   56
4   121
25   65
97   68
91   110
24   63
83   17
39   32
19   108
22   115
22   41
110   3
47   38
110   126
85   16
22   119
99   57
44   39
84   10
101   69
110   127
18   62
62   54
120   31
26   72
84   14
28   77
26   66
101   70
14   31
51   56
65   100
81   40
31   61
15   34
123   98
39   31
101   71
33   83
123   99
29   60
60   85
121   32
100   74
100   72
26   62
23   68
15   114
85   15
23   61
79   51
38   127
115   34
17   32
66   101
16   21
16   20
66   102
100   73
16   22
20   30
112   42
40   55
71   19
30   12
62   50
121   33
43   119
10   12
15   19
15   17
44   37
16   18
105   26
70   11
95   117
35   98
8   92
9   91
74   126
94   1
117   81
100   79
23   118
31   11
93   3
107   57
73   67
22   3
36   28
95   59
16   16
17   15
16   8
30   100
29   95
23   67
0   123
23   117
31   114
117   47
28   94
25   25
27   98
26   97
4   119
117   77
34   111
3   78
0   77
18   12
52   24
70   57
127   73
69   58
44   97
33   112
59   41
33   126
127   120
56   20
55   19
72   45
31   91
72   46
15   33
100   103
61   39
39   38
16   109
61   122
86   80
63   38
37   34
36   39
42   102
6   63
5   64
60   98
69   118
37   121
60   86
30   119
66   5
126   89
4   81
122   11
33   120
33   113
3   79
91   115
44   117
94   122
26   35
112   30
45   95
16   37
94   116
34   87
68   6
22   69
21   60
110   123
69   13
62   40
120   92
30   10
124   39
48   2
51   25
28   93
41   124
36   37
5   52
16   9
93   121
68   47
25   99
119   78
48   103
50   102
58   96
93   22
47   60
47   61
47   50
75   18
43   90
12   121
100   83
72   66
17   120
90   8
57   97
50   57
79   49
56   27
15   110
126   87
16   10
46   104
63   84
124   121
56   30
17   27
73   42
81   9
87   82
81   37
90   40
79   34
58   95
36   26
37   25
42   106
85   39
100   78
115   87
76   47
93   43
80   38
28   57
18   54
23   29
40   36
116   84
57   60
43   122
45   94
116   89
32   106
53   26
91   33
124   100
63   49
25   37
110   20
93   31
84   3
117   76
46   93
46   92
106   56
37   51
95   101
95   100
48   41
54   40
35   108
46   105
52   62
106   55
126   86
76   6
51   47
62   44
87   83
42   57
125   0
33   124
70   54
100   85
81   44
82   8
13   52
11   55
48   42
82   33
118   82
35   101
111   31
68   61
52   98
28   92
92   6
16   53
47   91
81   46
70   53
62   53
16   23
89   44
111   40
123   70
88   45
17   13
83   18
15   29
81   66
50   52
10   50
15   117
36   40
51   35
81   42
120   45
42   89
88   24
109   7
94   4
99   67
112   122
22   40
97   123
14   122
79   64
108   29
61   31
92   113
62   55
56   13
76   39
73   40
56   42
28   26
49   126
23   31
8   77
8   76
97   125
86   21
26   103
74   125
15   65
117   53
67   117
74   1
8   126
119   95
27   101
29   76
64   42
94   124
44   116
121   36
116   55
73   17
64   125
120   75
117   51
47   96
64   3
55   61
24   109
50   99
118   49
0   126
0   125
120   40
53   31
120   50
13   47
59   47
123   102
3   101
3   102
53   33
74   90
53   29
61   33
55   49
52   63
43   120
103   25
70   88
71   119
119   28
92   10
14   115
17   66
44   40
48   3
97   2
70   121
40   27
12   46
51   101
92   103
33   125
86   79
18   35
68   41
30   127
105   60
12   57
75   35
5   0
99   64
73   68
24   112
92   11
26   28
31   118
3   2
9   15
126   72
21   52
63   87
67   0
21   6
97   55
84   6
73   123
60   51
9   62
54   114
32   63
29   74
84   47
57   126
28   24
72   91
7   114
1   40
9   13
76   63
126   69
65   115
95   127
111   25
24   111
50   0
62   57
117   86
118   65
61   29
12   124
69   7
