31   2
96   8
95   7
94   7
95   15
96   16
97   7
11   108
97   16
43   14
117   17
44   14
88   13
8   120
103   15
104   15
10   108
109   21
112   126
7   119
2   121
33   98
121   16
120   16
3   120
6   119
32   98
125   109
116   124
86   13
5   106
87   15
1   121
73   84
59   30
58   30
7   107
6   106
98   10
52   28
102   9
114   118
113   118
95   127
53   27
92   4
111   10
96   0
112   10
85   4
91   4
57   30
54   27
86   5
94   15
87   7
124   124
94   109
108   22
13   104
14   104
112   118
123   124
122   124
0   121
117   125
62   43
116   116
121   124
115   117
123   108
122   17
74   5
9   106
63   43
48   27
8   106
119   124
9   119
96   120
10   119
101   101
98   18
55   29
120   124
101   14
69   32
90   4
32   1
75   64
76   84
77   84
93   4
118   124
105   117
77   64
118   109
77   5
21   3
76   5
76   65
106   116
47   27
53   13
100   101
112   18
88   22
105   15
62   16
15   106
111   18
16   105
51   26
113   8
13   96
4   120
98   2
18   3
108   5
81   24
91   124
99   17
100   17
125   124
50   26
90   13
89   14
46   27
14   96
106   15
5   44
79   24
78   21
19   33
61   15
20   33
77   22
90   124
122   109
121   108
68   32
56   29
78   5
89   124
45   27
116   17
70   32
34   98
15   96
19   3
84   6
73   22
20   2
74   84
85   12
72   22
71   21
63   18
83   5
82   4
21   11
120   109
75   20
4   106
15   11
88   5
69   22
101   73
103   7
14   10
17   103
89   4
2   102
18   101
70   57
110   16
20   101
19   101
74   19
119   109
3   106
114   2
111   117
66   28
22   13
88   125
6   45
7   45
30   3
79   64
87   86
78   64
29   3
87   125
1   106
0   105
110   117
102   123
8   41
110   24
105   68
107   23
109   117
25   41
26   41
70   24
104   68
24   15
127   106
24   40
86   125
52   14
106   23
70   85
69   85
35   99
17   6
36   99
51   13
91   12
16   5
75   5
85   124
71   85
72   84
73   7
83   122
110   7
84   123
27   100
103   122
105   24
115   0
115   109
80   23
119   17
116   108
23   40
60   19
93   12
16   13
97   126
107   93
79   6
23   15
11   119
80   62
1   11
59   18
2   10
101   122
107   14
61   25
31   98
23   7
21   102
99   0
72   7
86   86
16   95
26   9
72   40
77   36
25   11
85   84
49   26
10   39
84   84
100   126
106   92
109   8
50   13
28   6
108   14
49   15
26   100
48   14
71   31
47   12
65   28
73   40
104   23
37   96
75   41
22   104
84   14
74   39
66   10
72   31
100   71
65   9
82   121
103   25
24   7
101   22
102   25
78   36
23   101
27   7
95   119
25   100
93   112
81   120
24   100
12   119
83   13
13   119
82   23
117   113
113   127
42   14
76   20
67   9
67   20
127   15
5   119
99   72
94   118
66   18
126   15
28   98
83   22
74   60
99   101
9   41
29   100
54   14
60   11
75   85
68   22
30   98
64   13
107   2
59   10
70   16
84   22
88   87
78   84
85   22
93   120
108   121
106   125
79   39
127   123
107   121
65   18
70   2
69   2
68   12
69   14
60   27
67   29
1   98
61   43
89   83
92   124
72   61
22   5
83   84
64   25
2   111
78   46
113   20
73   59
56   101
114   20
123   17
71   58
57   100
79   47
0   13
21   34
17   17
126   109
18   14
55   16
63   27
0   97
41   14
71   4
62   25
110   125
126   125
111   2
58   10
68   2
105   125
109   127
80   43
89   59
81   39
115   17
108   93
19   12
58   101
104   118
69   58
86   21
114   10
68   56
102   17
92   13
58   22
56   16
102   61
126   101
82   41
21   94
103   61
76   35
80   8
11   41
46   14
90   87
102   95
80   51
13   9
81   50
104   0
