28   0
22   17
5   8
22   1
16   3
25   29
16   19
24   26
22   29
15   6
13   18
17   2
24   0
29   18
13   10
6   8
26   26
2   9
23   16
9   4
13   11
22   28
6   12
24   18
17   19
11   19
10   18
12   19
6   11
12   21
25   5
23   15
19   20
16   1
23   28
19   25
19   26
11   16
26   9
14   9
20   20
12   10
15   1
15   25
0   20
13   7
14   19
18   16
26   15
12   9
24   28
13   20
14   1
10   13
20   16
1   10
28   8
24   15
22   23
29   20
8   10
29   13
9   23
11   29
28   13
7   8
12   25
3   16
29   12
14   24
17   1
23   13
28   12
16   0
13   29
12   23
7   22
0   12
9   25
27   13
8   29
2   23
2   24
6   22
20   15
6   2
16   16
25   14
24   13
24   12
9   27
24   24
17   22
7   23
13   6
0   14
1   14
8   1
6   23
21   17
10   11
0   15
10   3
0   13
15   23
14   29
11   2
14   27
3   8
14   28
16   18
25   26
15   27
13   28
14   0
16   27
24   3
18   15
1   26
3   23
1   23
3   9
18   24
26   13
27   3
12   28
18   23
26   6
21   12
26   12
9   17
29   17
4   24
11   3
19   12
2   26
25   10
8   25
19   14
8   26
24   2
9   19
3   21
19   13
7   26
26   8
3   22
3   26
23   11
4   3
20   17
21   1
18   13
23   10
8   23
24   10
29   10
24   5
7   29
20   28
6   9
11   13
2   25
27   9
21   27
19   16
21   25
9   1
0   4
15   22
1   4
20   24
0   21
0   3
3   25
13   22
25   7
26   17
22   14
12   27
16   4
29   23
14   17
4   1
0   10
19   19
6   26
6   0
15   4
15   14
4   8
1   1
7   12
6   25
12   11
6   5
0   1
28   1
3   2
5   27
15   18
2   2
1   29
26   22
14   2
24   6
5   10
14   25
4   22
1   13
28   5
9   0
3   11
17   29
28   19
27   7
21   13
15   21
6   14
4   14
5   0
2   0
1   27
14   5
26   27
28   17
20   12
14   14
6   3
2   15
27   18
14   16
0   9
1   6
7   3
16   5
26   21
0   6
5   12
14   3
25   22
13   16
22   21
12   0
9   3
4   2
21   29
24   21
8   17
23   23
27   17
21   28
27   29
6   17
14   4
25   21
4   0
7   17
12   16
11   27
19   27
5   17
5   18
3   19
5   9
7   24
29   8
27   1
8   14
21   22
12   5
11   10
4   21
8   16
3   12
1   7
5   20
6   7
4   17
28   20
23   1
21   9
12   17
8   15
4   10
13   2
3   18
24   29
10   27
1   16
26   28
9   28
2   6
29   27
12   4
10   28
27   6
11   9
22   18
4   26
23   19
12   2
17   24
27   28
7   14
11   22
24   4
27   20
28   28
20   10
7   28
28   16
2   4
11   12
17   13
11   7
18   21
3   6
28   2
18   25
3   0
22   7
22   19
11   26
29   14
7   21
23   9
27   23
26   18
8   20
27   11
27   26
23   6
28   15
28   3
10   16
9   16
16   13
5   14
17   23
9   5
8   21
10   10
11   24
20   2
19   10
5   28
2   27
27   22
7   18
23   21
23   7
23   3
17   3
11   25
26   20
29   11
15   13
6   19
10   23
24   19
27   2
12   15
24   7
6   18
28   24
2   28
26   2
24   8
2   21
13   15
16   21
8   28
20   26
13   14
26   25
25   19
10   20
21   15
25   20
7   4
6   20
25   24
28   25
7   19
1   25
24   23
3   20
23   8
16   7
20   0
16   6
8   7
10   6
