23   0
15   7
8   3
20   1
22   20
24   1
21   0
15   19
9   18
18   14
25   27
12   6
24   25
12   7
29   19
17   21
23   17
15   5
7   11
13   19
20   27
16   17
13   5
14   20
12   20
22   27
18   19
15   26
25   28
20   25
9   22
22   0
21   24
25   4
23   26
20   23
19   17
21   23
12   22
14   6
13   3
26   11
13   9
13   17
10   17
18   2
29   3
4   9
9   24
1   20
14   23
23   29
28   11
28   9
18   17
27   10
18   18
14   18
8   11
17   26
27   12
10   12
25   2
25   1
12   24
8   27
13   21
26   1
17   18
21   21
20   22
0   11
7   9
13   0
13   24
13   25
12   8
0   16
16   2
12   13
15   20
13   26
19   23
2   22
22   16
1   22
2   16
18   20
27   4
18   1
0   19
7   10
19   21
1   12
21   20
15   28
19   1
27   14
8   4
20   21
4   4
10   22
12   14
6   6
4   23
5   4
5   23
7   1
17   15
17   16
13   27
1   24
24   27
8   22
1   19
11   23
11   18
12   18
21   19
23   12
22   24
19   18
1   15
4   16
12   3
7   2
2   14
17   20
5   16
23   24
1   11
8   2
2   11
13   23
15   0
2   10
27   5
2   12
11   11
8   19
3   5
11   28
6   24
13   4
25   6
3   10
9   29
5   24
27   8
21   11
21   10
16   26
29   16
16   23
9   20
11   0
22   11
3   4
0   23
0   5
9   2
23   25
26   16
26   10
26   7
7   27
0   22
1   5
23   27
28   10
10   19
26   14
5   25
5   3
26   5
17   27
15   29
14   26
10   21
11   20
16   14
11   21
7   0
2   20
3   27
29   4
29   22
22   25
5   2
29   21
8   18
22   26
4   25
13   8
24   16
24   9
25   9
22   15
25   3
8   0
6   1
28   21
23   14
15   3
1   3
6   27
25   8
16   20
27   21
10   2
5   26
3   1
5   1
12   26
14   22
24   17
6   13
20   29
3   3
7   6
6   16
14   21
28   22
2   1
29   24
15   17
20   19
17   0
10   25
29   9
1   2
7   13
6   10
28   29
8   24
29   5
19   24
25   13
9   26
29   1
20   14
10   24
28   4
15   16
21   14
7   5
8   12
29   0
25   15
4   11
21   16
29   6
2   13
9   12
25   18
25   16
18   0
1   0
6   15
28   7
15   15
5   15
4   19
28   6
20   13
12   12
20   11
5   13
5   11
0   0
2   5
28   18
26   29
19   15
25   12
12   29
23   20
3   14
25   11
3   13
27   16
4   13
4   12
5   19
17   14
0   2
16   15
29   7
7   16
0   7
22   6
15   2
4   18
4   5
2   8
5   5
5   6
11   4
10   4
7   15
13   1
3   17
4   6
23   5
1   9
5   7
18   27
18   26
4   7
2   7
4   20
7   7
22   5
16   24
11   8
24   11
16   25
10   26
15   24
14   15
16   29
23   18
27   19
19   22
9   13
11   6
22   22
21   8
22   10
29   28
25   25
18   22
12   1
28   14
11   5
29   15
29   2
19   11
11   1
28   23
0   29
10   5
10   14
9   21
19   2
22   13
0   8
17   25
9   14
6   28
23   4
4   27
28   27
8   5
1   8
27   27
22   9
9   10
14   7
11   14
1   28
7   25
4   15
15   12
22   4
6   4
10   1
3   7
10   29
21   2
11   15
10   0
24   22
2   3
27   25
20   9
26   19
9   15
9   11
6   21
0   26
19   3
3   24
8   13
13   13
8   6
24   20
29   29
20   8
18   3
19   9
0   25
